0.001251,0.192047,0.370270,0.021423,0.223724,0.191284
0.350281,0.129578,0.266724,0.076233,0.073120,0.104065
0.174103,0.129883,0.209534,0.196960,0.148438,0.141083
0.014984,0.076416,0.055908,0.018585,0.198547,0.635559
0.004669,0.004242,0.110168,0.326599,0.542816,0.011505
0.377869,0.153778,0.039520,0.030579,0.005402,0.392853
0.057037,0.109192,0.185883,0.098663,0.212250,0.336975
0.301941,0.217926,0.087799,0.175629,0.019287,0.197418
0.539337,0.187317,0.149292,0.049744,0.030182,0.044128
0.142334,0.067261,0.025726,0.226746,0.400146,0.137787
0.611481,0.168152,0.063995,0.153137,0.002899,0.000336
0.023743,0.242462,0.031067,0.095154,0.447693,0.159882
0.008789,0.047424,0.036407,0.283234,0.301331,0.322815
0.272888,0.002991,0.312012,0.103271,0.227600,0.081238
0.205353,0.279572,0.241547,0.017242,0.093872,0.162415
0.108276,0.349670,0.010498,0.275970,0.204712,0.050873
0.385223,0.187164,0.026642,0.009918,0.126038,0.265015
0.151550,0.073547,0.136230,0.063812,0.377716,0.197144
0.168976,0.176575,0.171539,0.234436,0.238434,0.010040
0.063538,0.428345,0.012909,0.152496,0.042450,0.300262
0.141571,0.005920,0.545380,0.212219,0.044464,0.050446
0.070374,0.232666,0.123505,0.256622,0.283417,0.033417
0.153229,0.038116,0.390686,0.239624,0.055573,0.122772
0.155548,0.022339,0.297363,0.028656,0.313263,0.182831
0.279572,0.126007,0.163147,0.113495,0.049774,0.268005
0.123016,0.244781,0.107483,0.246613,0.033936,0.244171
0.035095,0.391113,0.090790,0.145966,0.171692,0.165344
0.104675,0.241302,0.203552,0.371826,0.027954,0.050690
0.316864,0.058105,0.081116,0.015625,0.375244,0.153046
0.271881,0.025909,0.269470,0.171906,0.243774,0.017059
0.195984,0.201660,0.103241,0.260406,0.078125,0.160583
0.027466,0.023041,0.522064,0.317566,0.104462,0.005402
0.194061,0.337250,0.095428,0.030853,0.185425,0.156982
0.109924,0.013397,0.074524,0.545258,0.099030,0.157867
0.140259,0.145813,0.027985,0.022247,0.604736,0.058960
0.600220,0.107758,0.025085,0.014130,0.087402,0.165405
0.001617,0.059387,0.083466,0.108246,0.553497,0.193787
0.014252,0.101349,0.094971,0.342621,0.299408,0.147400
0.113770,0.340729,0.088928,0.142700,0.066071,0.247803
0.073883,0.128052,0.088409,0.146362,0.259491,0.303802
0.232422,0.204254,0.095886,0.045288,0.050812,0.371338
0.160187,0.343933,0.191620,0.229034,0.038239,0.036987
0.178345,0.011597,0.145996,0.121490,0.537720,0.004852
0.094391,0.003113,0.340210,0.187439,0.372833,0.002014
0.048431,0.178864,0.062714,0.604584,0.036896,0.068512
0.201965,0.208740,0.193420,0.023926,0.140991,0.230957
0.451599,0.014740,0.131470,0.036896,0.220062,0.145233
0.375122,0.190613,0.059021,0.096130,0.107880,0.171234
0.184265,0.058594,0.312256,0.182770,0.167175,0.094940
0.188934,0.162354,0.233307,0.020111,0.093781,0.301514
0.080383,0.414063,0.117584,0.008331,0.120361,0.259277
0.149109,0.426910,0.115082,0.113403,0.063202,0.132294
0.043213,0.571472,0.053070,0.059906,0.183868,0.088470
0.173920,0.131897,0.009186,0.254181,0.407318,0.023499
0.108551,0.046326,0.589417,0.106903,0.017822,0.130981
0.076599,0.002747,0.247559,0.314056,0.179016,0.180023
0.298737,0.110229,0.039276,0.017303,0.079529,0.454926
0.152649,0.161224,0.009155,0.178162,0.236786,0.262024
0.300049,0.424957,0.101654,0.046661,0.085724,0.040955
0.065735,0.061493,0.397339,0.260376,0.159027,0.056030
0.072266,0.537354,0.044220,0.221771,0.080475,0.043915
0.104797,0.122284,0.063202,0.031830,0.182922,0.494965
0.114532,0.377991,0.058624,0.111633,0.257172,0.080048
0.379120,0.003235,0.114441,0.012451,0.284088,0.206665
0.005890,0.389282,0.136963,0.074127,0.081879,0.311859
0.100616,0.390869,0.131561,0.084808,0.155365,0.136780
0.380096,0.116791,0.055908,0.194519,0.038025,0.214661
0.176575,0.180511,0.017151,0.256592,0.324860,0.044312
0.027832,0.103790,0.480347,0.131287,0.208435,0.048309
0.055908,0.075714,0.198212,0.309357,0.207855,0.152954
0.014679,0.582184,0.124756,0.132324,0.010345,0.135712
0.065948,0.060516,0.091095,0.399567,0.090759,0.292114
0.168915,0.150482,0.021576,0.026581,0.256531,0.375916
0.526520,0.084564,0.049896,0.141388,0.004486,0.193146
0.144806,0.257599,0.227753,0.167999,0.102417,0.099426
0.066162,0.070374,0.117157,0.174103,0.427368,0.144836
0.225555,0.076721,0.009064,0.236694,0.025299,0.426666
0.110626,0.024078,0.149536,0.503845,0.019928,0.191986
0.361115,0.254089,0.128571,0.045837,0.105591,0.104797
0.228485,0.000946,0.020111,0.607086,0.006927,0.136444
0.053802,0.027618,0.443237,0.017731,0.442413,0.015198
0.094666,0.138092,0.026031,0.167999,0.464722,0.108490
0.047089,0.033020,0.044983,0.021454,0.785065,0.068390
0.058716,0.277679,0.062195,0.034180,0.481903,0.085327
0.534210,0.159302,0.143646,0.004913,0.104065,0.053864
0.004333,0.254822,0.138519,0.127899,0.429199,0.045227
0.241089,0.014038,0.143555,0.186859,0.098450,0.316010
0.007172,0.428314,0.454712,0.050751,0.004303,0.054749
0.142426,0.079895,0.354340,0.024872,0.184601,0.213867
0.004272,0.077972,0.300751,0.034912,0.242004,0.340088
0.064850,0.597198,0.029419,0.119568,0.044037,0.144928
0.142761,0.387360,0.155487,0.003876,0.113190,0.197327
0.031067,0.613434,0.083374,0.049835,0.090942,0.131348
0.058777,0.026672,0.466522,0.154572,0.241333,0.052124
0.145172,0.129791,0.017273,0.327728,0.361786,0.018250
0.155914,0.062714,0.148895,0.326996,0.227936,0.077545
0.106415,0.134125,0.280884,0.380829,0.000366,0.097382
0.080109,0.091675,0.269928,0.340363,0.192291,0.025635
0.003754,0.206879,0.245972,0.319244,0.094513,0.129639
0.114044,0.197083,0.093567,0.345917,0.241974,0.007416
0.038574,0.114929,0.035767,0.058411,0.004395,0.747925
0.195648,0.424652,0.159332,0.105713,0.053711,0.060944
0.455444,0.190094,0.011200,0.252380,0.012146,0.078735
0.150757,0.271271,0.147491,0.066803,0.027832,0.335846
0.255280,0.281158,0.004120,0.037994,0.364441,0.057007
0.036621,0.159882,0.153748,0.046692,0.398285,0.204773
0.070282,0.000641,0.126740,0.191742,0.201324,0.409271
0.155884,0.298431,0.149963,0.040039,0.053009,0.302673
0.396515,0.044769,0.150909,0.092255,0.151245,0.164307
0.199585,0.192108,0.484283,0.073456,0.037994,0.012573
0.185303,0.256744,0.132385,0.052887,0.268372,0.104309
0.049622,0.210571,0.025360,0.122070,0.300873,0.291504
0.393555,0.316620,0.018250,0.166870,0.000732,0.103973
0.308594,0.079498,0.009308,0.173157,0.333282,0.096161
0.353546,0.380127,0.002686,0.003052,0.005920,0.254669
0.139313,0.060852,0.072418,0.407837,0.230682,0.088898
0.109375,0.093689,0.164764,0.149811,0.389771,0.092590
0.090424,0.348083,0.079437,0.136871,0.032806,0.312378
0.027802,0.047974,0.003784,0.227661,0.047852,0.644928
0.067841,0.074829,0.252167,0.280884,0.021545,0.302734
0.198700,0.416992,0.039185,0.039124,0.030914,0.275085
0.049622,0.048676,0.445679,0.001373,0.429199,0.025452
0.464020,0.066925,0.148956,0.047943,0.242096,0.030060
0.049957,0.322144,0.016510,0.304169,0.116974,0.190247
0.060822,0.108734,0.042908,0.098083,0.473907,0.215546
0.009155,0.312744,0.117950,0.044800,0.023193,0.492157
0.349792,0.051270,0.204865,0.152588,0.084106,0.157379
0.053467,0.509369,0.060455,0.319000,0.054962,0.002747
0.026703,0.257507,0.022186,0.080353,0.476776,0.136475
0.018616,0.012421,0.360138,0.064514,0.156860,0.387451
0.401886,0.209686,0.115692,0.130646,0.078827,0.063263
0.079010,0.503571,0.012421,0.213348,0.067047,0.124603
0.462189,0.106995,0.020233,0.001190,0.202545,0.206848
0.010223,0.257080,0.076263,0.329163,0.143311,0.183960
0.232086,0.109467,0.030182,0.399261,0.098846,0.130157
0.116852,0.066162,0.445892,0.096649,0.168365,0.106079
0.197357,0.338196,0.244507,0.121918,0.063202,0.034821
0.797394,0.051392,0.041534,0.011200,0.051849,0.046631
0.185455,0.065186,0.014343,0.351929,0.011780,0.371307
0.170929,0.309998,0.232941,0.018311,0.055908,0.211914
0.081482,0.043152,0.182831,0.499054,0.048798,0.144684
0.191864,0.281097,0.100342,0.154449,0.034271,0.237976
0.015350,0.158783,0.473480,0.044006,0.303375,0.005005
0.072113,0.202850,0.281677,0.119965,0.162292,0.161102
0.231659,0.000854,0.138702,0.266998,0.141266,0.220520
0.022888,0.181702,0.077148,0.487457,0.201813,0.028992
0.009247,0.037720,0.104858,0.196747,0.295288,0.356140
0.090668,0.252563,0.071320,0.001953,0.128662,0.454834
0.337982,0.197479,0.122040,0.041748,0.176971,0.123779
0.053986,0.205994,0.166809,0.038971,0.104248,0.429993
0.087433,0.399139,0.079224,0.143585,0.153931,0.136688
0.292999,0.485443,0.072083,0.013672,0.000153,0.135651
0.644897,0.101929,0.018768,0.063019,0.043274,0.128113
0.107635,0.332520,0.081787,0.386353,0.004211,0.087494
0.000854,0.168976,0.184174,0.073700,0.395325,0.176971
0.063721,0.026093,0.295837,0.271790,0.116089,0.226471
0.048462,0.094391,0.011230,0.529785,0.123718,0.192413
0.018555,0.035095,0.292480,0.301483,0.330780,0.021606
0.021057,0.221527,0.189117,0.205750,0.276672,0.085876
0.022827,0.369110,0.262054,0.127869,0.044159,0.173981
0.138428,0.324982,0.086975,0.083862,0.349213,0.016541
0.214783,0.085907,0.041840,0.138062,0.301544,0.217865
0.102509,0.048370,0.457123,0.147797,0.228607,0.015594
0.456390,0.185242,0.069977,0.063873,0.223236,0.001282
0.289795,0.277344,0.054047,0.066956,0.257935,0.053925
0.246429,0.043945,0.256287,0.001556,0.164124,0.287659
0.492615,0.130737,0.046448,0.095337,0.186890,0.047974
0.204620,0.241119,0.299774,0.053223,0.190155,0.011108
0.505524,0.085754,0.038177,0.280334,0.008575,0.081635
0.182922,0.266785,0.039673,0.399933,0.051056,0.059631
0.203003,0.048950,0.373108,0.105408,0.210632,0.058899
0.034515,0.006836,0.503113,0.011871,0.084991,0.358673
0.061371,0.066376,0.318573,0.154572,0.395111,0.003998
0.050354,0.122437,0.143158,0.016479,0.327789,0.339783
0.221619,0.188904,0.016968,0.226074,0.024933,0.321503
0.166443,0.268616,0.062469,0.010101,0.295074,0.197296
0.004517,0.124054,0.210907,0.036407,0.451416,0.172699
0.514465,0.128845,0.007263,0.082703,0.157837,0.108887
0.363251,0.102570,0.268127,0.003204,0.219910,0.042938
0.108673,0.003510,0.342590,0.366425,0.083435,0.095367
0.039124,0.377533,0.344696,0.108063,0.066681,0.063904
0.067749,0.049164,0.047943,0.046417,0.379822,0.408905
0.118347,0.461731,0.038177,0.072021,0.041260,0.268463
0.298492,0.079681,0.291534,0.139130,0.106781,0.084381
0.170563,0.033844,0.183838,0.384247,0.224976,0.002533
0.181213,0.009033,0.005371,0.385345,0.379150,0.039886
0.046234,0.074585,0.077332,0.105835,0.077728,0.618286
0.001770,0.446838,0.312408,0.010132,0.109863,0.118988
0.426361,0.034973,0.033508,0.254517,0.052155,0.198486
0.092743,0.145752,0.320892,0.334412,0.028198,0.078003
0.059631,0.431244,0.141144,0.115173,0.109802,0.143005
0.199615,0.056122,0.500305,0.035919,0.117920,0.090118
0.051239,0.470917,0.030670,0.151306,0.086212,0.209656
0.024048,0.529297,0.178375,0.143799,0.038666,0.085815
0.052582,0.252838,0.089508,0.086945,0.315033,0.203094
0.000854,0.218872,0.432220,0.104218,0.012390,0.231445
0.032684,0.024841,0.097229,0.191101,0.324738,0.329407
0.436249,0.199280,0.062317,0.100281,0.183563,0.018311
0.079285,0.021698,0.194305,0.181671,0.397369,0.125671
0.143005,0.000214,0.165497,0.065094,0.544159,0.082031
0.046631,0.193359,0.573822,0.000366,0.083679,0.102142
0.208008,0.021362,0.027130,0.012848,0.576782,0.153870
0.040894,0.568359,0.235504,0.030060,0.012848,0.112335
0.173523,0.010223,0.001312,0.170837,0.093353,0.550751
0.522583,0.023743,0.076691,0.271423,0.017212,0.088348
0.730621,0.109558,0.027222,0.101898,0.029999,0.000702
0.146667,0.024292,0.113403,0.090027,0.599335,0.026276
0.030884,0.614136,0.071564,0.025208,0.070892,0.187317
0.124634,0.250427,0.343811,0.017029,0.082245,0.181854
0.032166,0.617645,0.123657,0.116180,0.025757,0.084595
0.007568,0.149017,0.072021,0.189850,0.030396,0.551147
0.242859,0.258820,0.252777,0.152039,0.012512,0.080994
0.032104,0.181366,0.014771,0.328339,0.214569,0.228851
0.331604,0.207306,0.267456,0.045624,0.139771,0.008240
0.227722,0.143311,0.275818,0.165924,0.056549,0.130676
0.034973,0.084808,0.247101,0.030975,0.163422,0.438721
0.125061,0.076416,0.123444,0.574066,0.041168,0.059845
0.222107,0.223450,0.189178,0.214569,0.044617,0.106079
0.016479,0.407166,0.136414,0.063965,0.240082,0.135895
0.139618,0.127777,0.024567,0.269470,0.120209,0.318359
0.422699,0.184509,0.181000,0.030151,0.140442,0.041199
0.006989,0.013092,0.115692,0.380737,0.222931,0.260559
0.333862,0.128387,0.286041,0.019592,0.134216,0.097900
0.024170,0.026337,0.580444,0.051453,0.286652,0.030945
0.265930,0.234497,0.146179,0.059753,0.115967,0.177673
0.263611,0.196442,0.137146,0.150940,0.096069,0.155792
0.014496,0.337097,0.052277,0.072662,0.149933,0.373535
0.027618,0.261200,0.094788,0.213226,0.287018,0.116150
0.010071,0.372894,0.049194,0.100952,0.398407,0.068481
0.332947,0.104462,0.262207,0.165558,0.109039,0.025787
0.039001,0.339203,0.120331,0.061066,0.042725,0.397675
0.233032,0.375763,0.250702,0.077820,0.026764,0.035919
0.076447,0.228851,0.101715,0.091553,0.085388,0.416046
0.080048,0.224213,0.477234,0.093262,0.058105,0.067139
0.216217,0.063080,0.281403,0.027710,0.285980,0.125610
0.231079,0.018982,0.051331,0.425720,0.139465,0.133423
0.028778,0.161926,0.256073,0.127533,0.316010,0.109680
0.059235,0.110596,0.087097,0.362244,0.376038,0.004791
0.049286,0.066833,0.115356,0.263397,0.464905,0.040222
0.079620,0.200104,0.057922,0.152893,0.024994,0.484467
0.292145,0.120117,0.063477,0.125305,0.323639,0.075317
0.401642,0.146698,0.246063,0.040497,0.116394,0.048706
0.318054,0.274780,0.208801,0.068420,0.069092,0.060852
0.127625,0.140289,0.450836,0.056122,0.168427,0.056702
0.026672,0.014954,0.134277,0.278870,0.018097,0.527130
0.014465,0.121643,0.076660,0.605743,0.043762,0.137726
0.298737,0.359741,0.121155,0.001770,0.015778,0.202820
0.023010,0.219604,0.256134,0.343353,0.079376,0.078522
0.030884,0.044830,0.280487,0.053589,0.305511,0.284698
0.134735,0.045685,0.001678,0.115814,0.446960,0.255127
0.058228,0.100586,0.200043,0.166748,0.281097,0.193298
0.029236,0.102570,0.049622,0.636627,0.081787,0.100159
0.249207,0.097687,0.193024,0.030762,0.094208,0.335114
0.105194,0.048035,0.717499,0.061768,0.012756,0.054749
0.072510,0.485443,0.242279,0.072052,0.022827,0.104889
0.388275,0.062653,0.097839,0.123169,0.150452,0.177612
0.281372,0.313416,0.133240,0.221405,0.032684,0.017883
0.131958,0.065979,0.074432,0.214966,0.113159,0.399506
0.229919,0.125397,0.123108,0.213348,0.256348,0.051880
0.235809,0.001709,0.276031,0.157562,0.311432,0.017456
0.326447,0.157898,0.053131,0.033295,0.327240,0.101990
0.169220,0.050049,0.070892,0.046356,0.011627,0.651855
0.650421,0.036255,0.052979,0.067322,0.115814,0.077209
0.064423,0.205658,0.451660,0.045105,0.092194,0.140961
0.020782,0.023590,0.297180,0.142731,0.353882,0.161835
0.540558,0.028107,0.035370,0.014465,0.158844,0.222656
0.157990,0.482025,0.056702,0.063202,0.108063,0.132019
0.021423,0.020721,0.381348,0.014862,0.348083,0.213562
0.068268,0.176575,0.024414,0.237030,0.475739,0.017975
0.071014,0.296478,0.138947,0.109070,0.339996,0.044495
0.050964,0.190918,0.047638,0.047943,0.522583,0.139954
0.068909,0.103546,0.047668,0.080780,0.691772,0.007324
0.083679,0.052795,0.126282,0.386841,0.137238,0.213165
0.106903,0.071350,0.039276,0.345032,0.069702,0.367737
0.057404,0.225098,0.051300,0.119904,0.305115,0.241180
0.081207,0.486359,0.126709,0.174194,0.004761,0.126770
0.594757,0.024078,0.016144,0.160400,0.204254,0.000366
0.042297,0.151947,0.037262,0.361603,0.385742,0.021149
0.239044,0.016083,0.017334,0.134338,0.388123,0.205078
0.052948,0.153534,0.172943,0.348114,0.172485,0.099976
0.353973,0.007263,0.243317,0.063538,0.307922,0.023987
0.223633,0.123322,0.318146,0.230652,0.057739,0.046509
0.201660,0.080688,0.008636,0.064453,0.176544,0.468018
0.099609,0.007111,0.113251,0.489349,0.134460,0.156219
0.005768,0.485565,0.113281,0.067230,0.147278,0.180878
0.290619,0.315186,0.141083,0.126923,0.061493,0.064697
0.304871,0.301025,0.178314,0.045868,0.082123,0.087799
0.150116,0.244507,0.147980,0.146423,0.304138,0.006836
0.027435,0.074493,0.156952,0.152710,0.275818,0.312592
0.169006,0.019989,0.039642,0.534637,0.098907,0.137817
0.047607,0.008545,0.028839,0.398224,0.477997,0.038788
0.408691,0.156769,0.008423,0.304749,0.083893,0.037476
0.403137,0.010345,0.245026,0.164825,0.121826,0.054840
0.002228,0.047211,0.233673,0.333130,0.039795,0.343964
0.200867,0.213501,0.007568,0.182007,0.350525,0.045532
0.004852,0.100403,0.235291,0.282562,0.185272,0.191620
0.276855,0.039917,0.077637,0.429810,0.029266,0.146515
0.197662,0.113861,0.157532,0.095612,0.430420,0.004913
0.368469,0.016388,0.033905,0.014465,0.147186,0.419586
0.337402,0.055969,0.115753,0.368591,0.073303,0.048981
0.083649,0.067535,0.267395,0.189697,0.168457,0.223267
0.087341,0.120575,0.109344,0.154541,0.157318,0.370880
0.079315,0.063507,0.137878,0.052063,0.281738,0.385498
0.107330,0.113617,0.218109,0.385895,0.169434,0.005615
0.007355,0.257233,0.254395,0.057251,0.194305,0.229462
0.107513,0.261902,0.152283,0.382263,0.065216,0.030823
0.222656,0.079956,0.007996,0.103790,0.064056,0.521545
0.389099,0.038361,0.296692,0.040558,0.076874,0.158417
0.081726,0.009674,0.643494,0.018158,0.093903,0.153046
0.094391,0.265228,0.055664,0.059723,0.162781,0.362213
0.188354,0.040955,0.080994,0.032806,0.570251,0.086639
0.154266,0.028015,0.023651,0.066345,0.069244,0.658478
0.065430,0.107025,0.162811,0.166626,0.461761,0.036346
0.179260,0.267181,0.035461,0.327332,0.103729,0.087036
0.248596,0.028839,0.194641,0.227142,0.237457,0.063324
0.299530,0.330353,0.165161,0.024567,0.002808,0.177582
0.007202,0.253754,0.028564,0.569916,0.093506,0.047058
0.256165,0.235077,0.026184,0.190063,0.213531,0.078979
0.076691,0.016846,0.189087,0.101227,0.442108,0.174042
0.140717,0.290802,0.083557,0.128174,0.331696,0.025055
0.005188,0.069427,0.337036,0.343658,0.159454,0.085236
0.101715,0.085938,0.235474,0.104279,0.150513,0.322083
0.271484,0.227997,0.324707,0.012970,0.033264,0.129578
0.066742,0.082245,0.071686,0.317688,0.432404,0.029236
0.192902,0.004822,0.001801,0.005096,0.752136,0.043243
0.294373,0.299103,0.086334,0.058960,0.047333,0.213898
0.105438,0.153534,0.585327,0.076996,0.007111,0.071594
0.061890,0.086426,0.211090,0.533325,0.011017,0.096252
0.331451,0.050110,0.302979,0.202972,0.069153,0.043335
0.267090,0.113007,0.053162,0.049561,0.191803,0.325378
0.486664,0.041168,0.218475,0.047791,0.007935,0.197968
0.054138,0.224640,0.068390,0.211853,0.268738,0.172241
0.211243,0.071136,0.086090,0.394409,0.148346,0.088776
0.050140,0.198669,0.075745,0.079254,0.477783,0.118408
0.144867,0.051971,0.411255,0.175537,0.091614,0.124756
0.433319,0.018372,0.184753,0.125305,0.042786,0.195465
0.174438,0.023102,0.125122,0.386719,0.253784,0.036835
0.036041,0.011261,0.083527,0.612366,0.119659,0.137146
0.082367,0.136505,0.314117,0.019684,0.016266,0.431061
0.064453,0.012726,0.056519,0.170898,0.106659,0.588745
0.251678,0.017029,0.240051,0.311859,0.167297,0.012085
0.121735,0.162689,0.186493,0.236023,0.209564,0.083496
0.294739,0.049896,0.172577,0.007874,0.286011,0.188904
0.067322,0.036316,0.405914,0.044830,0.274811,0.170807
0.451294,0.022614,0.249176,0.195770,0.027802,0.053345
0.122528,0.242737,0.183563,0.110870,0.224640,0.115662
0.112427,0.167358,0.227600,0.039063,0.244812,0.208740
0.359650,0.009521,0.094666,0.280487,0.113770,0.141907
0.379028,0.063049,0.115509,0.028320,0.046112,0.367981
0.009705,0.099548,0.076447,0.296875,0.354065,0.163361
0.040619,0.181152,0.034180,0.154327,0.297302,0.292419
0.133057,0.309662,0.101318,0.262573,0.050140,0.143250
0.143219,0.075043,0.095093,0.293488,0.316956,0.076202
0.010284,0.002106,0.374481,0.150360,0.418304,0.044464
0.016541,0.136047,0.084473,0.355377,0.293243,0.114319
0.224457,0.181091,0.129639,0.117523,0.263977,0.083313
0.097076,0.238220,0.064270,0.106537,0.459686,0.034210
0.250763,0.039185,0.038452,0.205109,0.091888,0.374603
0.328156,0.132172,0.017731,0.196503,0.224091,0.101349
0.120972,0.291779,0.169983,0.081970,0.257568,0.077728
0.102020,0.009552,0.037109,0.098694,0.442108,0.310516
0.418488,0.035248,0.036987,0.162689,0.173004,0.173584
0.099213,0.269409,0.271271,0.190674,0.047363,0.122070
0.394684,0.125336,0.110565,0.095093,0.236572,0.037750
0.063934,0.310181,0.369446,0.069824,0.039154,0.147461
0.235596,0.038330,0.088440,0.421326,0.035248,0.181061
0.124237,0.050476,0.239075,0.149414,0.193878,0.242920
0.170959,0.070282,0.038177,0.039185,0.225586,0.455811
0.225067,0.418243,0.014709,0.012207,0.028168,0.301605
0.056030,0.251587,0.013062,0.008820,0.622711,0.047791
0.162964,0.073242,0.040222,0.092102,0.592560,0.038910
0.260803,0.010193,0.311798,0.042023,0.131195,0.243988
0.021576,0.316315,0.362640,0.011597,0.001984,0.285889
0.126373,0.254517,0.143036,0.106750,0.089172,0.280151
0.030792,0.464355,0.096771,0.079834,0.192352,0.135895
0.022644,0.326935,0.203888,0.019104,0.191681,0.235748
0.000641,0.281586,0.264709,0.201111,0.045959,0.205994
0.296448,0.109131,0.133057,0.185150,0.111420,0.164795
0.096710,0.005066,0.060059,0.227539,0.278809,0.331818
0.670746,0.020172,0.047577,0.018066,0.131653,0.111786
0.111450,0.153473,0.002197,0.302368,0.163940,0.266571
0.214905,0.272980,0.125000,0.188293,0.176270,0.022552
0.348511,0.025146,0.108948,0.465363,0.050507,0.001526
0.145538,0.075073,0.355072,0.054565,0.299622,0.070129
0.048645,0.409271,0.184387,0.013428,0.086639,0.257629
0.099976,0.099609,0.034760,0.416382,0.081390,0.267883
0.547638,0.206451,0.137665,0.001526,0.101227,0.005493
0.151917,0.464020,0.103943,0.011169,0.137787,0.131165
0.152771,0.251953,0.209747,0.102295,0.039429,0.243805
0.063721,0.331024,0.208862,0.226349,0.056061,0.113983
0.335724,0.115631,0.036713,0.090698,0.183014,0.238220
0.081451,0.014191,0.264679,0.222717,0.166687,0.250275
0.044464,0.063721,0.288483,0.018280,0.582092,0.002960
0.224976,0.036346,0.008392,0.164185,0.019104,0.546997
0.411682,0.037628,0.192413,0.237213,0.014130,0.106934
0.232056,0.109650,0.381317,0.016327,0.225037,0.035614
0.235626,0.367737,0.018066,0.061035,0.211731,0.105804
0.015106,0.093689,0.422852,0.036285,0.147552,0.284515
0.458435,0.052460,0.191467,0.187256,0.081207,0.029175
0.103546,0.142273,0.020844,0.199615,0.140472,0.393250
0.049072,0.067566,0.269531,0.353729,0.258240,0.001862
0.004395,0.036438,0.639404,0.026367,0.249786,0.043610
0.141083,0.471649,0.050232,0.015289,0.072601,0.249146
0.071106,0.557373,0.232819,0.046082,0.068604,0.024017
0.152191,0.421692,0.001251,0.313843,0.009613,0.101410
0.175476,0.087463,0.362335,0.044983,0.164032,0.165710
0.448517,0.211578,0.048645,0.149872,0.124329,0.017059
0.058228,0.688660,0.069061,0.019379,0.138794,0.025879
0.117645,0.087860,0.086273,0.022339,0.633636,0.052246
0.215912,0.033844,0.181122,0.411591,0.023682,0.133850
0.205719,0.169006,0.015259,0.363312,0.175415,0.071289
0.557953,0.072754,0.105316,0.000214,0.204803,0.058960
0.327667,0.061035,0.161469,0.077789,0.352234,0.019806
0.430023,0.060089,0.137207,0.041046,0.027283,0.304352
0.065186,0.039551,0.035034,0.128571,0.185608,0.546051
0.180267,0.085815,0.380402,0.171082,0.039185,0.143250
0.102264,0.151917,0.242950,0.127747,0.291901,0.083221
0.109589,0.262390,0.109802,0.219330,0.002991,0.295898
0.093170,0.005676,0.355652,0.066223,0.440277,0.039001
0.325958,0.237976,0.173859,0.052704,0.033630,0.175873
0.051727,0.135620,0.239838,0.216217,0.347443,0.009155
0.482971,0.238434,0.121521,0.057800,0.014587,0.084686
0.383942,0.095856,0.247681,0.017120,0.013092,0.242310
0.031219,0.242767,0.088898,0.394989,0.064362,0.177765
0.082458,0.141815,0.041443,0.168945,0.191010,0.374329
0.254700,0.071442,0.158813,0.266907,0.015381,0.232758
0.347900,0.053772,0.160248,0.134369,0.270813,0.032898
0.272675,0.074677,0.244995,0.014252,0.282257,0.111145
0.081268,0.342133,0.377991,0.013580,0.014771,0.170258
0.184265,0.315002,0.133118,0.056274,0.293854,0.017487
0.238373,0.050537,0.278351,0.294708,0.127563,0.010468
0.321716,0.076935,0.003845,0.255066,0.162354,0.180084
0.277679,0.248016,0.237946,0.140198,0.027008,0.069153
0.047913,0.215637,0.378876,0.274567,0.035248,0.047760
0.258057,0.028961,0.001617,0.063263,0.440552,0.207550
0.229828,0.013550,0.078766,0.496307,0.095917,0.085632
0.103394,0.142090,0.572479,0.115601,0.027588,0.038849
0.191406,0.035950,0.148590,0.201294,0.209839,0.212921
0.054169,0.255066,0.410034,0.032745,0.144684,0.103302
0.068878,0.040527,0.259186,0.179321,0.010559,0.441528
0.027252,0.117706,0.163361,0.011810,0.452972,0.226898
0.327209,0.198700,0.053619,0.018951,0.142212,0.259308
0.071777,0.509491,0.079163,0.049347,0.216064,0.074158
0.014618,0.280121,0.284790,0.192627,0.225250,0.002594
0.134949,0.052277,0.118011,0.169861,0.040497,0.484406
0.377228,0.133698,0.038635,0.127747,0.045929,0.276764
0.123352,0.492432,0.091858,0.022980,0.226318,0.043060
0.056366,0.077301,0.094269,0.270874,0.475098,0.026093
0.456665,0.155548,0.000366,0.162109,0.009918,0.215393
0.288757,0.049042,0.501556,0.018250,0.140411,0.001984
0.107697,0.049591,0.427094,0.378510,0.015930,0.021179
0.068481,0.045349,0.217102,0.067291,0.032623,0.569153
0.563660,0.033020,0.137726,0.070129,0.073547,0.121918
0.179108,0.026794,0.023315,0.210175,0.467926,0.092682
0.216766,0.103607,0.463287,0.051056,0.021393,0.143890
0.047699,0.350342,0.045135,0.345215,0.160339,0.051270
0.220947,0.068726,0.010925,0.218872,0.149200,0.331329
0.172455,0.299866,0.370453,0.029419,0.039551,0.088257
0.159302,0.286713,0.139252,0.096741,0.135803,0.182190
0.050720,0.037262,0.426453,0.450989,0.016602,0.017975
0.576843,0.003662,0.012146,0.010681,0.259155,0.137512
0.119537,0.163452,0.104156,0.401459,0.092987,0.118408
0.057739,0.286102,0.014709,0.059479,0.549896,0.032074
0.001984,0.209564,0.105499,0.173706,0.291077,0.218170
0.061127,0.336456,0.047638,0.123352,0.320404,0.111023
0.195526,0.373016,0.016541,0.021118,0.100342,0.293457
0.375214,0.189056,0.211731,0.036072,0.093719,0.094208
0.197113,0.432861,0.140167,0.028717,0.149353,0.051788
0.513916,0.176697,0.038544,0.095947,0.018188,0.156708
0.396515,0.136353,0.085846,0.259644,0.104401,0.017242
0.252991,0.347046,0.040741,0.039978,0.269897,0.049347
0.202637,0.068665,0.238861,0.052063,0.313721,0.124054
0.149017,0.020844,0.386932,0.134705,0.030579,0.277924
0.513916,0.084259,0.023956,0.374298,0.003479,0.000092
0.045685,0.479492,0.025909,0.281525,0.060028,0.107361
0.005341,0.094482,0.157166,0.560486,0.115784,0.066742
0.065247,0.065582,0.250763,0.380707,0.092163,0.145538
0.006256,0.009918,0.058929,0.251434,0.043274,0.630188
0.230103,0.124573,0.084717,0.135193,0.171844,0.253571
0.114746,0.205109,0.074890,0.432220,0.107300,0.065735
0.236389,0.327972,0.020386,0.012390,0.275543,0.127319
0.234070,0.087524,0.305176,0.028625,0.002411,0.342194
0.175537,0.244324,0.079742,0.011871,0.248932,0.239594
0.022156,0.051117,0.397705,0.416016,0.097351,0.015656
0.092590,0.224579,0.072205,0.442932,0.099945,0.067749
0.394684,0.099487,0.027771,0.051544,0.346222,0.080292
0.112610,0.305298,0.334900,0.108124,0.134766,0.004303
0.030182,0.088196,0.110443,0.126617,0.109894,0.534668
0.020416,0.319824,0.440948,0.161041,0.001709,0.056061
0.044037,0.570068,0.136597,0.025543,0.000397,0.223358
0.052826,0.082489,0.151093,0.267609,0.143646,0.302338
0.330078,0.017609,0.162079,0.221649,0.180023,0.088562
0.570190,0.291107,0.063629,0.014771,0.004913,0.055389
0.306641,0.118469,0.266632,0.248535,0.050598,0.009125
0.048950,0.116669,0.325409,0.113647,0.119904,0.275421
0.015442,0.141968,0.062164,0.103882,0.179291,0.497253
0.300842,0.048492,0.187439,0.009155,0.302734,0.151337
0.000793,0.000427,0.115295,0.169250,0.262787,0.451447
0.076385,0.132355,0.556915,0.040375,0.111511,0.082458
0.383606,0.064270,0.327118,0.099060,0.041046,0.084900
